2021/12/23-00:50:16.434322 11593be00 RocksDB version: 6.20.3
2021/12/23-00:50:16.434917 11593be00 Git sha 8608d75d85f8e1b3b64b73a4fb6d19baec61ba5c
2021/12/23-00:50:16.434920 11593be00 Compile date 2021-05-05 20:35:30
2021/12/23-00:50:16.434948 11593be00 DB SUMMARY
2021/12/23-00:50:16.434951 11593be00 DB Session ID:  K20SYPM0RB0IAY8SC0FX
2021/12/23-00:50:16.435034 11593be00 CURRENT file:  CURRENT
2021/12/23-00:50:16.435036 11593be00 IDENTITY file:  IDENTITY
2021/12/23-00:50:16.435042 11593be00 MANIFEST file:  MANIFEST-000127 size: 2915 Bytes
2021/12/23-00:50:16.435043 11593be00 SST files in test-ledger/rocksdb dir, Total Num: 11, files: 000079.sst 000080.sst 000081.sst 000082.sst 000083.sst 000084.sst 000085.sst 000123.sst 000124.sst 
2021/12/23-00:50:16.435045 11593be00 Write Ahead Log file in test-ledger/rocksdb: 000128.log size: 3860272 ; 
2021/12/23-00:50:16.435047 11593be00                         Options.error_if_exists: 0
2021/12/23-00:50:16.435050 11593be00                       Options.create_if_missing: 1
2021/12/23-00:50:16.435051 11593be00                         Options.paranoid_checks: 1
2021/12/23-00:50:16.435051 11593be00                               Options.track_and_verify_wals_in_manifest: 0
2021/12/23-00:50:16.435052 11593be00                                     Options.env: 0x10cd407d8
2021/12/23-00:50:16.435053 11593be00                                      Options.fs: Posix File System
2021/12/23-00:50:16.435054 11593be00                                Options.info_log: 0x7fdb867155a0
2021/12/23-00:50:16.435055 11593be00                Options.max_file_opening_threads: 16
2021/12/23-00:50:16.435056 11593be00                              Options.statistics: 0x0
2021/12/23-00:50:16.435057 11593be00                               Options.use_fsync: 0
2021/12/23-00:50:16.435058 11593be00                       Options.max_log_file_size: 0
2021/12/23-00:50:16.435059 11593be00                  Options.max_manifest_file_size: 1073741824
2021/12/23-00:50:16.435060 11593be00                   Options.log_file_time_to_roll: 0
2021/12/23-00:50:16.435061 11593be00                       Options.keep_log_file_num: 1000
2021/12/23-00:50:16.435061 11593be00                    Options.recycle_log_file_num: 0
2021/12/23-00:50:16.435062 11593be00                         Options.allow_fallocate: 1
2021/12/23-00:50:16.435063 11593be00                        Options.allow_mmap_reads: 0
2021/12/23-00:50:16.435064 11593be00                       Options.allow_mmap_writes: 0
2021/12/23-00:50:16.435065 11593be00                        Options.use_direct_reads: 0
2021/12/23-00:50:16.435065 11593be00                        Options.use_direct_io_for_flush_and_compaction: 0
2021/12/23-00:50:16.435066 11593be00          Options.create_missing_column_families: 1
2021/12/23-00:50:16.435067 11593be00                              Options.db_log_dir: 
2021/12/23-00:50:16.435068 11593be00                                 Options.wal_dir: test-ledger/rocksdb
2021/12/23-00:50:16.435069 11593be00                Options.table_cache_numshardbits: 6
2021/12/23-00:50:16.435070 11593be00                         Options.WAL_ttl_seconds: 0
2021/12/23-00:50:16.435071 11593be00                       Options.WAL_size_limit_MB: 0
2021/12/23-00:50:16.435071 11593be00                        Options.max_write_batch_group_size_bytes: 1048576
2021/12/23-00:50:16.435072 11593be00             Options.manifest_preallocation_size: 4194304
2021/12/23-00:50:16.435073 11593be00                     Options.is_fd_close_on_exec: 1
2021/12/23-00:50:16.435074 11593be00                   Options.advise_random_on_open: 1
2021/12/23-00:50:16.435075 11593be00                    Options.db_write_buffer_size: 0
2021/12/23-00:50:16.435076 11593be00                    Options.write_buffer_manager: 0x7fdb86715560
2021/12/23-00:50:16.435076 11593be00         Options.access_hint_on_compaction_start: 1
2021/12/23-00:50:16.435077 11593be00  Options.new_table_reader_for_compaction_inputs: 0
2021/12/23-00:50:16.435078 11593be00           Options.random_access_max_buffer_size: 1048576
2021/12/23-00:50:16.435079 11593be00                      Options.use_adaptive_mutex: 0
2021/12/23-00:50:16.435102 11593be00                            Options.rate_limiter: 0x0
2021/12/23-00:50:16.435104 11593be00     Options.sst_file_manager.rate_bytes_per_sec: 0
2021/12/23-00:50:16.435105 11593be00                       Options.wal_recovery_mode: 2
2021/12/23-00:50:16.435106 11593be00                  Options.enable_thread_tracking: 0
2021/12/23-00:50:16.435107 11593be00                  Options.enable_pipelined_write: 0
2021/12/23-00:50:16.435107 11593be00                  Options.unordered_write: 0
2021/12/23-00:50:16.435108 11593be00         Options.allow_concurrent_memtable_write: 1
2021/12/23-00:50:16.435109 11593be00      Options.enable_write_thread_adaptive_yield: 1
2021/12/23-00:50:16.435110 11593be00             Options.write_thread_max_yield_usec: 100
2021/12/23-00:50:16.435111 11593be00            Options.write_thread_slow_yield_usec: 3
2021/12/23-00:50:16.435112 11593be00                               Options.row_cache: None
2021/12/23-00:50:16.435112 11593be00                              Options.wal_filter: None
2021/12/23-00:50:16.435115 11593be00             Options.avoid_flush_during_recovery: 0
2021/12/23-00:50:16.435116 11593be00             Options.allow_ingest_behind: 0
2021/12/23-00:50:16.435117 11593be00             Options.preserve_deletes: 0
2021/12/23-00:50:16.435118 11593be00             Options.two_write_queues: 0
2021/12/23-00:50:16.435119 11593be00             Options.manual_wal_flush: 0
2021/12/23-00:50:16.435119 11593be00             Options.atomic_flush: 0
2021/12/23-00:50:16.435120 11593be00             Options.avoid_unnecessary_blocking_io: 0
2021/12/23-00:50:16.435121 11593be00                 Options.persist_stats_to_disk: 0
2021/12/23-00:50:16.435122 11593be00                 Options.write_dbid_to_manifest: 0
2021/12/23-00:50:16.435123 11593be00                 Options.log_readahead_size: 0
2021/12/23-00:50:16.435124 11593be00                 Options.file_checksum_gen_factory: Unknown
2021/12/23-00:50:16.435125 11593be00                 Options.best_efforts_recovery: 0
2021/12/23-00:50:16.435125 11593be00                Options.max_bgerror_resume_count: 2147483647
2021/12/23-00:50:16.435126 11593be00            Options.bgerror_resume_retry_interval: 1000000
2021/12/23-00:50:16.435127 11593be00             Options.allow_data_in_errors: 0
2021/12/23-00:50:16.435128 11593be00             Options.db_host_id: __hostname__
2021/12/23-00:50:16.435129 11593be00             Options.max_background_jobs: 8
2021/12/23-00:50:16.435130 11593be00             Options.max_background_compactions: -1
2021/12/23-00:50:16.435131 11593be00             Options.max_subcompactions: 1
2021/12/23-00:50:16.435132 11593be00             Options.avoid_flush_during_shutdown: 0
2021/12/23-00:50:16.435133 11593be00           Options.writable_file_max_buffer_size: 1048576
2021/12/23-00:50:16.435133 11593be00             Options.delayed_write_rate : 16777216
2021/12/23-00:50:16.435134 11593be00             Options.max_total_wal_size: 4294967296
2021/12/23-00:50:16.435135 11593be00             Options.delete_obsolete_files_period_micros: 21600000000
2021/12/23-00:50:16.435136 11593be00                   Options.stats_dump_period_sec: 600
2021/12/23-00:50:16.435137 11593be00                 Options.stats_persist_period_sec: 600
2021/12/23-00:50:16.435138 11593be00                 Options.stats_history_buffer_size: 1048576
2021/12/23-00:50:16.435139 11593be00                          Options.max_open_files: -1
2021/12/23-00:50:16.435140 11593be00                          Options.bytes_per_sync: 0
2021/12/23-00:50:16.435141 11593be00                      Options.wal_bytes_per_sync: 0
2021/12/23-00:50:16.435142 11593be00                   Options.strict_bytes_per_sync: 0
2021/12/23-00:50:16.435142 11593be00       Options.compaction_readahead_size: 0
2021/12/23-00:50:16.435143 11593be00                  Options.max_background_flushes: -1
2021/12/23-00:50:16.435144 11593be00 Compression algorithms supported:
2021/12/23-00:50:16.435145 11593be00 	kZSTD supported: 0
2021/12/23-00:50:16.435146 11593be00 	kZlibCompression supported: 0
2021/12/23-00:50:16.435162 11593be00 	kXpressCompression supported: 0
2021/12/23-00:50:16.435163 11593be00 	kSnappyCompression supported: 0
2021/12/23-00:50:16.435164 11593be00 	kZSTDNotFinalCompression supported: 0
2021/12/23-00:50:16.435165 11593be00 	kLZ4HCCompression supported: 1
2021/12/23-00:50:16.435166 11593be00 	kLZ4Compression supported: 1
2021/12/23-00:50:16.435167 11593be00 	kBZip2Compression supported: 0
2021/12/23-00:50:16.435169 11593be00 Fast CRC32 supported: Not supported on x86
2021/12/23-00:50:16.435809 11593be00 [db/version_set.cc:4627] Recovering from manifest file: test-ledger/rocksdb/MANIFEST-000127
2021/12/23-00:50:16.435982 11593be00 [db/column_family.cc:598] --------------- Options for column family [default]:
2021/12/23-00:50:16.435988 11593be00               Options.comparator: leveldb.BytewiseComparator
2021/12/23-00:50:16.435989 11593be00           Options.merge_operator: None
2021/12/23-00:50:16.435990 11593be00        Options.compaction_filter: None
2021/12/23-00:50:16.435991 11593be00        Options.compaction_filter_factory: None
2021/12/23-00:50:16.435992 11593be00  Options.sst_partitioner_factory: None
2021/12/23-00:50:16.435993 11593be00         Options.memtable_factory: SkipListFactory
2021/12/23-00:50:16.435994 11593be00            Options.table_factory: BlockBasedTable
2021/12/23-00:50:16.436012 11593be00            table_factory options:   flush_block_policy_factory: FlushBlockBySizePolicyFactory (0x7fdb86706040)
  cache_index_and_filter_blocks: 0
  cache_index_and_filter_blocks_with_high_priority: 1
  pin_l0_filter_and_index_blocks_in_cache: 0
  pin_top_level_index_and_filter: 1
  index_type: 0
  data_block_index_type: 0
  index_shortening: 1
  data_block_hash_table_util_ratio: 0.750000
  hash_index_allow_collision: 1
  checksum: 1
  no_block_cache: 0
  block_cache: 0x7fdb867144c8
  block_cache_name: LRUCache
  block_cache_options:
    capacity : 8388608
    num_shard_bits : 4
    strict_capacity_limit : 0
    memory_allocator : None
    high_pri_pool_ratio: 0.000
  block_cache_compressed: 0x0
  persistent_cache: 0x0
  block_size: 4096
  block_size_deviation: 10
  block_restart_interval: 16
  index_block_restart_interval: 1
  metadata_block_size: 4096
  partition_filters: 0
  use_delta_encoding: 1
  filter_policy: nullptr
  whole_key_filtering: 1
  verify_compression: 0
  read_amp_bytes_per_bit: 0
  format_version: 5
  enable_index_compression: 1
  block_align: 0
2021/12/23-00:50:16.436016 11593be00        Options.write_buffer_size: 67108864
2021/12/23-00:50:16.436017 11593be00  Options.max_write_buffer_number: 2
2021/12/23-00:50:16.436018 11593be00          Options.compression: NoCompression
2021/12/23-00:50:16.436021 11593be00                  Options.bottommost_compression: Disabled
2021/12/23-00:50:16.436022 11593be00       Options.prefix_extractor: nullptr
2021/12/23-00:50:16.436023 11593be00   Options.memtable_insert_with_hint_prefix_extractor: nullptr
2021/12/23-00:50:16.436024 11593be00             Options.num_levels: 7
2021/12/23-00:50:16.436025 11593be00        Options.min_write_buffer_number_to_merge: 1
2021/12/23-00:50:16.436026 11593be00     Options.max_write_buffer_number_to_maintain: 0
2021/12/23-00:50:16.436026 11593be00     Options.max_write_buffer_size_to_maintain: 0
2021/12/23-00:50:16.436027 11593be00            Options.bottommost_compression_opts.window_bits: -14
2021/12/23-00:50:16.436028 11593be00                  Options.bottommost_compression_opts.level: 32767
2021/12/23-00:50:16.436029 11593be00               Options.bottommost_compression_opts.strategy: 0
2021/12/23-00:50:16.436030 11593be00         Options.bottommost_compression_opts.max_dict_bytes: 0
2021/12/23-00:50:16.436031 11593be00         Options.bottommost_compression_opts.zstd_max_train_bytes: 0
2021/12/23-00:50:16.436032 11593be00         Options.bottommost_compression_opts.parallel_threads: 1
2021/12/23-00:50:16.436033 11593be00                  Options.bottommost_compression_opts.enabled: false
2021/12/23-00:50:16.436033 11593be00         Options.bottommost_compression_opts.max_dict_buffer_bytes: 0
2021/12/23-00:50:16.436074 11593be00            Options.compression_opts.window_bits: -14
2021/12/23-00:50:16.436075 11593be00                  Options.compression_opts.level: 32767
2021/12/23-00:50:16.436076 11593be00               Options.compression_opts.strategy: 0
2021/12/23-00:50:16.436077 11593be00         Options.compression_opts.max_dict_bytes: 0
2021/12/23-00:50:16.436078 11593be00         Options.compression_opts.zstd_max_train_bytes: 0
2021/12/23-00:50:16.436079 11593be00         Options.compression_opts.parallel_threads: 1
2021/12/23-00:50:16.436079 11593be00                  Options.compression_opts.enabled: false
2021/12/23-00:50:16.436080 11593be00         Options.compression_opts.max_dict_buffer_bytes: 0
2021/12/23-00:50:16.436081 11593be00      Options.level0_file_num_compaction_trigger: 4
2021/12/23-00:50:16.436082 11593be00          Options.level0_slowdown_writes_trigger: 20
2021/12/23-00:50:16.436083 11593be00              Options.level0_stop_writes_trigger: 36
2021/12/23-00:50:16.436083 11593be00                   Options.target_file_size_base: 67108864
2021/12/23-00:50:16.436084 11593be00             Options.target_file_size_multiplier: 1
2021/12/23-00:50:16.436085 11593be00                Options.max_bytes_for_level_base: 268435456
2021/12/23-00:50:16.436086 11593be00 Options.level_compaction_dynamic_level_bytes: 0
2021/12/23-00:50:16.436087 11593be00          Options.max_bytes_for_level_multiplier: 10.000000
2021/12/23-00:50:16.436088 11593be00 Options.max_bytes_for_level_multiplier_addtl[0]: 1
2021/12/23-00:50:16.436089 11593be00 Options.max_bytes_for_level_multiplier_addtl[1]: 1
2021/12/23-00:50:16.436090 11593be00 Options.max_bytes_for_level_multiplier_addtl[2]: 1
2021/12/23-00:50:16.436091 11593be00 Options.max_bytes_for_level_multiplier_addtl[3]: 1
2021/12/23-00:50:16.436092 11593be00 Options.max_bytes_for_level_multiplier_addtl[4]: 1
2021/12/23-00:50:16.436092 11593be00 Options.max_bytes_for_level_multiplier_addtl[5]: 1
2021/12/23-00:50:16.436093 11593be00 Options.max_bytes_for_level_multiplier_addtl[6]: 1
2021/12/23-00:50:16.436094 11593be00       Options.max_sequential_skip_in_iterations: 8
2021/12/23-00:50:16.436095 11593be00                    Options.max_compaction_bytes: 1677721600
2021/12/23-00:50:16.436096 11593be00                        Options.arena_block_size: 8388608
2021/12/23-00:50:16.436096 11593be00   Options.soft_pending_compaction_bytes_limit: 68719476736
2021/12/23-00:50:16.436097 11593be00   Options.hard_pending_compaction_bytes_limit: 274877906944
2021/12/23-00:50:16.436098 11593be00       Options.rate_limit_delay_max_milliseconds: 100
2021/12/23-00:50:16.436099 11593be00                Options.disable_auto_compactions: 0
2021/12/23-00:50:16.436100 11593be00                        Options.compaction_style: kCompactionStyleLevel
2021/12/23-00:50:16.436101 11593be00                          Options.compaction_pri: kMinOverlappingRatio
2021/12/23-00:50:16.436102 11593be00 Options.compaction_options_universal.size_ratio: 1
2021/12/23-00:50:16.436103 11593be00 Options.compaction_options_universal.min_merge_width: 2
2021/12/23-00:50:16.436104 11593be00 Options.compaction_options_universal.max_merge_width: 4294967295
2021/12/23-00:50:16.436105 11593be00 Options.compaction_options_universal.max_size_amplification_percent: 200
2021/12/23-00:50:16.436106 11593be00 Options.compaction_options_universal.compression_size_percent: -1
2021/12/23-00:50:16.436107 11593be00 Options.compaction_options_universal.stop_style: kCompactionStopStyleTotalSize
2021/12/23-00:50:16.436108 11593be00 Options.compaction_options_fifo.max_table_files_size: 1073741824
2021/12/23-00:50:16.436109 11593be00 Options.compaction_options_fifo.allow_compaction: 0
2021/12/23-00:50:16.436117 11593be00                   Options.table_properties_collectors: 
2021/12/23-00:50:16.436118 11593be00                   Options.inplace_update_support: 0
2021/12/23-00:50:16.436119 11593be00                 Options.inplace_update_num_locks: 10000
2021/12/23-00:50:16.436120 11593be00               Options.memtable_prefix_bloom_size_ratio: 0.000000
2021/12/23-00:50:16.436136 11593be00               Options.memtable_whole_key_filtering: 0
2021/12/23-00:50:16.436137 11593be00   Options.memtable_huge_page_size: 0
2021/12/23-00:50:16.436138 11593be00                           Options.bloom_locality: 0
2021/12/23-00:50:16.436138 11593be00                    Options.max_successive_merges: 0
2021/12/23-00:50:16.436139 11593be00                Options.optimize_filters_for_hits: 0
2021/12/23-00:50:16.436140 11593be00                Options.paranoid_file_checks: 0
2021/12/23-00:50:16.436141 11593be00                Options.force_consistency_checks: 1
2021/12/23-00:50:16.436142 11593be00                Options.report_bg_io_stats: 0
2021/12/23-00:50:16.436142 11593be00                               Options.ttl: 2592000
2021/12/23-00:50:16.436143 11593be00          Options.periodic_compaction_seconds: 0
2021/12/23-00:50:16.436144 11593be00                    Options.enable_blob_files: false
2021/12/23-00:50:16.436145 11593be00                        Options.min_blob_size: 0
2021/12/23-00:50:16.436146 11593be00                       Options.blob_file_size: 268435456
2021/12/23-00:50:16.436147 11593be00                Options.blob_compression_type: NoCompression
2021/12/23-00:50:16.436147 11593be00       Options.enable_blob_garbage_collection: false
2021/12/23-00:50:16.436148 11593be00   Options.blob_garbage_collection_age_cutoff: 0.250000
2021/12/23-00:50:16.436626 11593be00 [db/column_family.cc:598] --------------- Options for column family [meta]:
2021/12/23-00:50:16.436636 11593be00               Options.comparator: leveldb.BytewiseComparator
2021/12/23-00:50:16.436637 11593be00           Options.merge_operator: None
2021/12/23-00:50:16.436638 11593be00        Options.compaction_filter: None
2021/12/23-00:50:16.436642 11593be00        Options.compaction_filter_factory: purged_slot_filter_factory(meta)
2021/12/23-00:50:16.436643 11593be00  Options.sst_partitioner_factory: None
2021/12/23-00:50:16.436643 11593be00         Options.memtable_factory: SkipListFactory
2021/12/23-00:50:16.436644 11593be00            Options.table_factory: BlockBasedTable
2021/12/23-00:50:16.436661 11593be00            table_factory options:   flush_block_policy_factory: FlushBlockBySizePolicyFactory (0x7fdb867056b0)
  cache_index_and_filter_blocks: 0
  cache_index_and_filter_blocks_with_high_priority: 1
  pin_l0_filter_and_index_blocks_in_cache: 0
  pin_top_level_index_and_filter: 1
  index_type: 0
  data_block_index_type: 0
  index_shortening: 1
  data_block_hash_table_util_ratio: 0.750000
  hash_index_allow_collision: 1
  checksum: 1
  no_block_cache: 0
  block_cache: 0x7fdb867056f8
  block_cache_name: LRUCache
  block_cache_options:
    capacity : 8388608
    num_shard_bits : 4
    strict_capacity_limit : 0
    memory_allocator : None
    high_pri_pool_ratio: 0.000
  block_cache_compressed: 0x0
  persistent_cache: 0x0
  block_size: 4096
  block_size_deviation: 10
  block_restart_interval: 16
  index_block_restart_interval: 1
  metadata_block_size: 4096
  partition_filters: 0
  use_delta_encoding: 1
  filter_policy: nullptr
  whole_key_filtering: 1
  verify_compression: 0
  read_amp_bytes_per_bit: 0
  format_version: 5
  enable_index_compression: 1
  block_align: 0
2021/12/23-00:50:16.436666 11593be00        Options.write_buffer_size: 268435456
2021/12/23-00:50:16.436667 11593be00  Options.max_write_buffer_number: 8
2021/12/23-00:50:16.436668 11593be00          Options.compression: NoCompression
2021/12/23-00:50:16.436669 11593be00                  Options.bottommost_compression: Disabled
2021/12/23-00:50:16.436670 11593be00       Options.prefix_extractor: nullptr
2021/12/23-00:50:16.436671 11593be00   Options.memtable_insert_with_hint_prefix_extractor: nullptr
2021/12/23-00:50:16.436672 11593be00             Options.num_levels: 7
2021/12/23-00:50:16.436672 11593be00        Options.min_write_buffer_number_to_merge: 1
2021/12/23-00:50:16.436673 11593be00     Options.max_write_buffer_number_to_maintain: 0
2021/12/23-00:50:16.436674 11593be00     Options.max_write_buffer_size_to_maintain: 0
2021/12/23-00:50:16.436716 11593be00            Options.bottommost_compression_opts.window_bits: -14
2021/12/23-00:50:16.436718 11593be00                  Options.bottommost_compression_opts.level: 32767
2021/12/23-00:50:16.436719 11593be00               Options.bottommost_compression_opts.strategy: 0
2021/12/23-00:50:16.436720 11593be00         Options.bottommost_compression_opts.max_dict_bytes: 0
2021/12/23-00:50:16.436721 11593be00         Options.bottommost_compression_opts.zstd_max_train_bytes: 0
2021/12/23-00:50:16.436721 11593be00         Options.bottommost_compression_opts.parallel_threads: 1
2021/12/23-00:50:16.436722 11593be00                  Options.bottommost_compression_opts.enabled: false
2021/12/23-00:50:16.436723 11593be00         Options.bottommost_compression_opts.max_dict_buffer_bytes: 0
2021/12/23-00:50:16.436724 11593be00            Options.compression_opts.window_bits: -14
2021/12/23-00:50:16.436725 11593be00                  Options.compression_opts.level: 32767
2021/12/23-00:50:16.436726 11593be00               Options.compression_opts.strategy: 0
2021/12/23-00:50:16.436726 11593be00         Options.compression_opts.max_dict_bytes: 0
2021/12/23-00:50:16.436727 11593be00         Options.compression_opts.zstd_max_train_bytes: 0
2021/12/23-00:50:16.436728 11593be00         Options.compression_opts.parallel_threads: 1
2021/12/23-00:50:16.436729 11593be00                  Options.compression_opts.enabled: false
2021/12/23-00:50:16.436730 11593be00         Options.compression_opts.max_dict_buffer_bytes: 0
2021/12/23-00:50:16.436730 11593be00      Options.level0_file_num_compaction_trigger: 4
2021/12/23-00:50:16.436731 11593be00          Options.level0_slowdown_writes_trigger: 20
2021/12/23-00:50:16.436732 11593be00              Options.level0_stop_writes_trigger: 36
2021/12/23-00:50:16.436733 11593be00                   Options.target_file_size_base: 107374182
2021/12/23-00:50:16.436734 11593be00             Options.target_file_size_multiplier: 1
2021/12/23-00:50:16.436735 11593be00                Options.max_bytes_for_level_base: 1073741824
2021/12/23-00:50:16.436735 11593be00 Options.level_compaction_dynamic_level_bytes: 0
2021/12/23-00:50:16.436736 11593be00          Options.max_bytes_for_level_multiplier: 10.000000
2021/12/23-00:50:16.436738 11593be00 Options.max_bytes_for_level_multiplier_addtl[0]: 1
2021/12/23-00:50:16.436739 11593be00 Options.max_bytes_for_level_multiplier_addtl[1]: 1
2021/12/23-00:50:16.436739 11593be00 Options.max_bytes_for_level_multiplier_addtl[2]: 1
2021/12/23-00:50:16.436740 11593be00 Options.max_bytes_for_level_multiplier_addtl[3]: 1
2021/12/23-00:50:16.436741 11593be00 Options.max_bytes_for_level_multiplier_addtl[4]: 1
2021/12/23-00:50:16.436742 11593be00 Options.max_bytes_for_level_multiplier_addtl[5]: 1
2021/12/23-00:50:16.436743 11593be00 Options.max_bytes_for_level_multiplier_addtl[6]: 1
2021/12/23-00:50:16.436743 11593be00       Options.max_sequential_skip_in_iterations: 8
2021/12/23-00:50:16.436744 11593be00                    Options.max_compaction_bytes: 2684354550
2021/12/23-00:50:16.436745 11593be00                        Options.arena_block_size: 33554432
2021/12/23-00:50:16.436746 11593be00   Options.soft_pending_compaction_bytes_limit: 68719476736
2021/12/23-00:50:16.436747 11593be00   Options.hard_pending_compaction_bytes_limit: 274877906944
2021/12/23-00:50:16.436748 11593be00       Options.rate_limit_delay_max_milliseconds: 100
2021/12/23-00:50:16.436749 11593be00                Options.disable_auto_compactions: 0
2021/12/23-00:50:16.436750 11593be00                        Options.compaction_style: kCompactionStyleLevel
2021/12/23-00:50:16.436751 11593be00                          Options.compaction_pri: kMinOverlappingRatio
2021/12/23-00:50:16.436752 11593be00 Options.compaction_options_universal.size_ratio: 1
2021/12/23-00:50:16.436752 11593be00 Options.compaction_options_universal.min_merge_width: 2
2021/12/23-00:50:16.436753 11593be00 Options.compaction_options_universal.max_merge_width: 4294967295
2021/12/23-00:50:16.436769 11593be00 Options.compaction_options_universal.max_size_amplification_percent: 200
2021/12/23-00:50:16.436770 11593be00 Options.compaction_options_universal.compression_size_percent: -1
2021/12/23-00:50:16.436771 11593be00 Options.compaction_options_universal.stop_style: kCompactionStopStyleTotalSize
2021/12/23-00:50:16.436772 11593be00 Options.compaction_options_fifo.max_table_files_size: 1073741824
2021/12/23-00:50:16.436773 11593be00 Options.compaction_options_fifo.allow_compaction: 0
2021/12/23-00:50:16.436775 11593be00                   Options.table_properties_collectors: 
2021/12/23-00:50:16.436776 11593be00                   Options.inplace_update_support: 0
2021/12/23-00:50:16.436777 11593be00                 Options.inplace_update_num_locks: 10000
2021/12/23-00:50:16.436778 11593be00               Options.memtable_prefix_bloom_size_ratio: 0.000000
2021/12/23-00:50:16.436779 11593be00               Options.memtable_whole_key_filtering: 0
2021/12/23-00:50:16.436779 11593be00   Options.memtable_huge_page_size: 0
2021/12/23-00:50:16.436780 11593be00                           Options.bloom_locality: 0
2021/12/23-00:50:16.436781 11593be00                    Options.max_successive_merges: 0
2021/12/23-00:50:16.436782 11593be00                Options.optimize_filters_for_hits: 0
2021/12/23-00:50:16.436783 11593be00                Options.paranoid_file_checks: 0
2021/12/23-00:50:16.436784 11593be00                Options.force_consistency_checks: 1
2021/12/23-00:50:16.436784 11593be00                Options.report_bg_io_stats: 0
2021/12/23-00:50:16.436785 11593be00                               Options.ttl: 2592000
2021/12/23-00:50:16.436786 11593be00          Options.periodic_compaction_seconds: 2592000
2021/12/23-00:50:16.436787 11593be00                    Options.enable_blob_files: false
2021/12/23-00:50:16.436788 11593be00                        Options.min_blob_size: 0
2021/12/23-00:50:16.436792 11593be00                       Options.blob_file_size: 268435456
2021/12/23-00:50:16.436793 11593be00                Options.blob_compression_type: NoCompression
2021/12/23-00:50:16.436794 11593be00       Options.enable_blob_garbage_collection: false
2021/12/23-00:50:16.436795 11593be00   Options.blob_garbage_collection_age_cutoff: 0.250000
2021/12/23-00:50:16.436854 11593be00 [db/column_family.cc:598] --------------- Options for column family [dead_slots]:
2021/12/23-00:50:16.436856 11593be00               Options.comparator: leveldb.BytewiseComparator
2021/12/23-00:50:16.436857 11593be00           Options.merge_operator: None
2021/12/23-00:50:16.436858 11593be00        Options.compaction_filter: None
2021/12/23-00:50:16.436859 11593be00        Options.compaction_filter_factory: purged_slot_filter_factory(dead_slots)
2021/12/23-00:50:16.436860 11593be00  Options.sst_partitioner_factory: None
2021/12/23-00:50:16.436860 11593be00         Options.memtable_factory: SkipListFactory
2021/12/23-00:50:16.436861 11593be00            Options.table_factory: BlockBasedTable
2021/12/23-00:50:16.436871 11593be00            table_factory options:   flush_block_policy_factory: FlushBlockBySizePolicyFactory (0x7fdb86706360)
  cache_index_and_filter_blocks: 0
  cache_index_and_filter_blocks_with_high_priority: 1
  pin_l0_filter_and_index_blocks_in_cache: 0
  pin_top_level_index_and_filter: 1
  index_type: 0
  data_block_index_type: 0
  index_shortening: 1
  data_block_hash_table_util_ratio: 0.750000
  hash_index_allow_collision: 1
  checksum: 1
  no_block_cache: 0
  block_cache: 0x7fdb867063a8
  block_cache_name: LRUCache
  block_cache_options:
    capacity : 8388608
    num_shard_bits : 4
    strict_capacity_limit : 0
    memory_allocator : None
    high_pri_pool_ratio: 0.000
  block_cache_compressed: 0x0
  persistent_cache: 0x0
  block_size: 4096
  block_size_deviation: 10
  block_restart_interval: 16
  index_block_restart_interval: 1
  metadata_block_size: 4096
  partition_filters: 0
  use_delta_encoding: 1
  filter_policy: nullptr
  whole_key_filtering: 1
  verify_compression: 0
  read_amp_bytes_per_bit: 0
  format_version: 5
  enable_index_compression: 1
  block_align: 0
2021/12/23-00:50:16.436892 11593be00        Options.write_buffer_size: 268435456
2021/12/23-00:50:16.436894 11593be00  Options.max_write_buffer_number: 8
2021/12/23-00:50:16.436894 11593be00          Options.compression: NoCompression
2021/12/23-00:50:16.436895 11593be00                  Options.bottommost_compression: Disabled
2021/12/23-00:50:16.436896 11593be00       Options.prefix_extractor: nullptr
2021/12/23-00:50:16.436897 11593be00   Options.memtable_insert_with_hint_prefix_extractor: nullptr
2021/12/23-00:50:16.436898 11593be00             Options.num_levels: 7
2021/12/23-00:50:16.436899 11593be00        Options.min_write_buffer_number_to_merge: 1
2021/12/23-00:50:16.436900 11593be00     Options.max_write_buffer_number_to_maintain: 0
2021/12/23-00:50:16.436900 11593be00     Options.max_write_buffer_size_to_maintain: 0
2021/12/23-00:50:16.436901 11593be00            Options.bottommost_compression_opts.window_bits: -14
2021/12/23-00:50:16.436902 11593be00                  Options.bottommost_compression_opts.level: 32767
2021/12/23-00:50:16.436903 11593be00               Options.bottommost_compression_opts.strategy: 0
2021/12/23-00:50:16.436904 11593be00         Options.bottommost_compression_opts.max_dict_bytes: 0
2021/12/23-00:50:16.436905 11593be00         Options.bottommost_compression_opts.zstd_max_train_bytes: 0
2021/12/23-00:50:16.436905 11593be00         Options.bottommost_compression_opts.parallel_threads: 1
2021/12/23-00:50:16.436906 11593be00                  Options.bottommost_compression_opts.enabled: false
2021/12/23-00:50:16.436907 11593be00         Options.bottommost_compression_opts.max_dict_buffer_bytes: 0
2021/12/23-00:50:16.436908 11593be00            Options.compression_opts.window_bits: -14
2021/12/23-00:50:16.436909 11593be00                  Options.compression_opts.level: 32767
2021/12/23-00:50:16.436910 11593be00               Options.compression_opts.strategy: 0
2021/12/23-00:50:16.436910 11593be00         Options.compression_opts.max_dict_bytes: 0
2021/12/23-00:50:16.436911 11593be00         Options.compression_opts.zstd_max_train_bytes: 0
2021/12/23-00:50:16.436912 11593be00         Options.compression_opts.parallel_threads: 1
2021/12/23-00:50:16.436913 11593be00                  Options.compression_opts.enabled: false
2021/12/23-00:50:16.436914 11593be00         Options.compression_opts.max_dict_buffer_bytes: 0
2021/12/23-00:50:16.436914 11593be00      Options.level0_file_num_compaction_trigger: 4
2021/12/23-00:50:16.436915 11593be00          Options.level0_slowdown_writes_trigger: 20
2021/12/23-00:50:16.436916 11593be00              Options.level0_stop_writes_trigger: 36
2021/12/23-00:50:16.436917 11593be00                   Options.target_file_size_base: 107374182
2021/12/23-00:50:16.436918 11593be00             Options.target_file_size_multiplier: 1
2021/12/23-00:50:16.436918 11593be00                Options.max_bytes_for_level_base: 1073741824
2021/12/23-00:50:16.436919 11593be00 Options.level_compaction_dynamic_level_bytes: 0
2021/12/23-00:50:16.436920 11593be00          Options.max_bytes_for_level_multiplier: 10.000000
2021/12/23-00:50:16.436921 11593be00 Options.max_bytes_for_level_multiplier_addtl[0]: 1
2021/12/23-00:50:16.436922 11593be00 Options.max_bytes_for_level_multiplier_addtl[1]: 1
2021/12/23-00:50:16.436923 11593be00 Options.max_bytes_for_level_multiplier_addtl[2]: 1
2021/12/23-00:50:16.436924 11593be00 Options.max_bytes_for_level_multiplier_addtl[3]: 1
2021/12/23-00:50:16.436925 11593be00 Options.max_bytes_for_level_multiplier_addtl[4]: 1
2021/12/23-00:50:16.436925 11593be00 Options.max_bytes_for_level_multiplier_addtl[5]: 1
2021/12/23-00:50:16.436926 11593be00 Options.max_bytes_for_level_multiplier_addtl[6]: 1
2021/12/23-00:50:16.436927 11593be00       Options.max_sequential_skip_in_iterations: 8
2021/12/23-00:50:16.436928 11593be00                    Options.max_compaction_bytes: 2684354550
2021/12/23-00:50:16.436929 11593be00                        Options.arena_block_size: 33554432
2021/12/23-00:50:16.436943 11593be00   Options.soft_pending_compaction_bytes_limit: 68719476736
2021/12/23-00:50:16.436944 11593be00   Options.hard_pending_compaction_bytes_limit: 274877906944
2021/12/23-00:50:16.436945 11593be00       Options.rate_limit_delay_max_milliseconds: 100
2021/12/23-00:50:16.436946 11593be00                Options.disable_auto_compactions: 0
2021/12/23-00:50:16.436946 11593be00                        Options.compaction_style: kCompactionStyleLevel
2021/12/23-00:50:16.436947 11593be00                          Options.compaction_pri: kMinOverlappingRatio
2021/12/23-00:50:16.436948 11593be00 Options.compaction_options_universal.size_ratio: 1
2021/12/23-00:50:16.436949 11593be00 Options.compaction_options_universal.min_merge_width: 2
2021/12/23-00:50:16.436950 11593be00 Options.compaction_options_universal.max_merge_width: 4294967295
2021/12/23-00:50:16.436951 11593be00 Options.compaction_options_universal.max_size_amplification_percent: 200
2021/12/23-00:50:16.436952 11593be00 Options.compaction_options_universal.compression_size_percent: -1
2021/12/23-00:50:16.436953 11593be00 Options.compaction_options_universal.stop_style: kCompactionStopStyleTotalSize
2021/12/23-00:50:16.436953 11593be00 Options.compaction_options_fifo.max_table_files_size: 1073741824
2021/12/23-00:50:16.436954 11593be00 Options.compaction_options_fifo.allow_compaction: 0
2021/12/23-00:50:16.436955 11593be00                   Options.table_properties_collectors: 
2021/12/23-00:50:16.436956 11593be00                   Options.inplace_update_support: 0
2021/12/23-00:50:16.436957 11593be00                 Options.inplace_update_num_locks: 10000
2021/12/23-00:50:16.436958 11593be00               Options.memtable_prefix_bloom_size_ratio: 0.000000
2021/12/23-00:50:16.436959 11593be00               Options.memtable_whole_key_filtering: 0
2021/12/23-00:50:16.436960 11593be00   Options.memtable_huge_page_size: 0
2021/12/23-00:50:16.436960 11593be00                           Options.bloom_locality: 0
2021/12/23-00:50:16.436961 11593be00                    Options.max_successive_merges: 0
2021/12/23-00:50:16.436962 11593be00                Options.optimize_filters_for_hits: 0
2021/12/23-00:50:16.436963 11593be00                Options.paranoid_file_checks: 0
2021/12/23-00:50:16.436964 11593be00                Options.force_consistency_checks: 1
2021/12/23-00:50:16.436964 11593be00                Options.report_bg_io_stats: 0
2021/12/23-00:50:16.436965 11593be00                               Options.ttl: 2592000
2021/12/23-00:50:16.436966 11593be00          Options.periodic_compaction_seconds: 2592000
2021/12/23-00:50:16.436967 11593be00                    Options.enable_blob_files: false
2021/12/23-00:50:16.436968 11593be00                        Options.min_blob_size: 0
2021/12/23-00:50:16.436969 11593be00                       Options.blob_file_size: 268435456
2021/12/23-00:50:16.436969 11593be00                Options.blob_compression_type: NoCompression
2021/12/23-00:50:16.436970 11593be00       Options.enable_blob_garbage_collection: false
2021/12/23-00:50:16.436971 11593be00   Options.blob_garbage_collection_age_cutoff: 0.250000
2021/12/23-00:50:16.437009 11593be00 [db/column_family.cc:598] --------------- Options for column family [duplicate_slots]:
2021/12/23-00:50:16.437010 11593be00               Options.comparator: leveldb.BytewiseComparator
2021/12/23-00:50:16.437011 11593be00           Options.merge_operator: None
2021/12/23-00:50:16.437012 11593be00        Options.compaction_filter: None
2021/12/23-00:50:16.437013 11593be00        Options.compaction_filter_factory: purged_slot_filter_factory(duplicate_slots)
2021/12/23-00:50:16.437014 11593be00  Options.sst_partitioner_factory: None
2021/12/23-00:50:16.437015 11593be00         Options.memtable_factory: SkipListFactory
2021/12/23-00:50:16.437015 11593be00            Options.table_factory: BlockBasedTable
2021/12/23-00:50:16.437024 11593be00            table_factory options:   flush_block_policy_factory: FlushBlockBySizePolicyFactory (0x7fdb86706fc0)
  cache_index_and_filter_blocks: 0
  cache_index_and_filter_blocks_with_high_priority: 1
  pin_l0_filter_and_index_blocks_in_cache: 0
  pin_top_level_index_and_filter: 1
  index_type: 0
  data_block_index_type: 0
  index_shortening: 1
  data_block_hash_table_util_ratio: 0.750000
  hash_index_allow_collision: 1
  checksum: 1
  no_block_cache: 0
  block_cache: 0x7fdb86707008
  block_cache_name: LRUCache
  block_cache_options:
    capacity : 8388608
    num_shard_bits : 4
    strict_capacity_limit : 0
    memory_allocator : None
    high_pri_pool_ratio: 0.000
  block_cache_compressed: 0x0
  persistent_cache: 0x0
  block_size: 4096
  block_size_deviation: 10
  block_restart_interval: 16
  index_block_restart_interval: 1
  metadata_block_size: 4096
  partition_filters: 0
  use_delta_encoding: 1
  filter_policy: nullptr
  whole_key_filtering: 1
  verify_compression: 0
  read_amp_bytes_per_bit: 0
  format_version: 5
  enable_index_compression: 1
  block_align: 0
2021/12/23-00:50:16.437042 11593be00        Options.write_buffer_size: 268435456
2021/12/23-00:50:16.437043 11593be00  Options.max_write_buffer_number: 8
2021/12/23-00:50:16.437044 11593be00          Options.compression: NoCompression
2021/12/23-00:50:16.437045 11593be00                  Options.bottommost_compression: Disabled
2021/12/23-00:50:16.437046 11593be00       Options.prefix_extractor: nullptr
2021/12/23-00:50:16.437047 11593be00   Options.memtable_insert_with_hint_prefix_extractor: nullptr
2021/12/23-00:50:16.437048 11593be00             Options.num_levels: 7
2021/12/23-00:50:16.437049 11593be00        Options.min_write_buffer_number_to_merge: 1
2021/12/23-00:50:16.437049 11593be00     Options.max_write_buffer_number_to_maintain: 0
2021/12/23-00:50:16.437050 11593be00     Options.max_write_buffer_size_to_maintain: 0
2021/12/23-00:50:16.437051 11593be00            Options.bottommost_compression_opts.window_bits: -14
2021/12/23-00:50:16.437052 11593be00                  Options.bottommost_compression_opts.level: 32767
2021/12/23-00:50:16.437053 11593be00               Options.bottommost_compression_opts.strategy: 0
2021/12/23-00:50:16.437054 11593be00         Options.bottommost_compression_opts.max_dict_bytes: 0
2021/12/23-00:50:16.437054 11593be00         Options.bottommost_compression_opts.zstd_max_train_bytes: 0
2021/12/23-00:50:16.437055 11593be00         Options.bottommost_compression_opts.parallel_threads: 1
2021/12/23-00:50:16.437056 11593be00                  Options.bottommost_compression_opts.enabled: false
2021/12/23-00:50:16.437057 11593be00         Options.bottommost_compression_opts.max_dict_buffer_bytes: 0
2021/12/23-00:50:16.437058 11593be00            Options.compression_opts.window_bits: -14
2021/12/23-00:50:16.437059 11593be00                  Options.compression_opts.level: 32767
2021/12/23-00:50:16.437059 11593be00               Options.compression_opts.strategy: 0
2021/12/23-00:50:16.437060 11593be00         Options.compression_opts.max_dict_bytes: 0
2021/12/23-00:50:16.437061 11593be00         Options.compression_opts.zstd_max_train_bytes: 0
